39 35	
2724 60	
39 105	
3278 495	
2881 275	
2740 455	
2723 26	
2739 371	
3358 49	
39 337	
39 314	
2735 507	
39 66	
3247 428	
39 468	
2739 46	
2915 84	
3186 36	
39 396	
2769 160	
2725 281	
3274 28	
3294 404	
2851 490	
3055 325	
39 75	
2851 247	
39 468	
3236 163	
3012 434	
39 45	
2745 321	
2724 496	
2739 82	
3168 106	
2724 345	
2729 353	
3278 496	
2735 102	
2802 83	
2781 83	
2893 321	
2729 446	
2739 31	
2729 554	
39 431	
2724 43	
3278 545	
3137 270	
2735 281	
2936 106	
2915 89	
2730 283	
2894 45	
3012 471	
39 431	
2806 474	
2739 89	
2745 519	
2832 201	
2784 424	
2804 381	
39 316	
2785 550	
2784 150	
2740 540	
39 240	
39 126	
2733 160	
2723 279	
2724 172	
2745 281	
2690 161	
42 534	
2723 304	
3305 528	
39 105	
42 152	
2912 399	
2731 46	
39 115	
2996 423	
2832 513	
3253 515	
2781 317	
2985 285	
2801 508	
2846 513	
3278 493	
2724 446	
2729 446	
3190 525	
2729 427	
2724 46	
2723 74	
3380 5	
39 60	
39 58	
2735 217	
2813 331	
39 528	
2754 230	
3114 169	
2872 46	
39 396	
39 260	
2770 335	
2745 293	
2735 196	
3278 315	
2745 478	
2658 145	
2837 541	
39 394	
3296 404	
3100 142	
2848 478	
2729 214	
39 115	
3228 317	
2881 275	
3010 423	
2963 492	
2735 83	
39 379	
2981 72	
2784 469	
2732 7	
3418 195	
3145 230	
2724 214	
2730 148	
2936 49	
3054 327	
39 433	
2810 210	
2729 448	
3191 525	
2740 40	
3072 218	
39 383	
39 111	
2850 134	
2735 350	
2723 172	
39 207	
2735 499	
2729 433	
2873 439	
2730 114	
2729 514	
2647 161	
3242 313	
3276 529	
2816 448	
39 229	
2740 38	
2851 368	
2737 327	
3177 40	
3264 159	
2787 541	
3333 280	
39 314	
2730 230	
2725 12	
2724 1	
3278 304	
2745 178	
2801 528	
39 529	
3289 73	
2724 464	
3399 323	
2810 514	
3177 314	
3238 423	
2832 86	
2729 60	
2722 489	
3039 424	
2851 192	
2723 46	
2729 446	
3278 206	
2745 160	
3430 416	
2724 105	
3115 169	
2787 175	
2763 160	
2729 10	
3010 486	
3275 28	
2729 392	
3196 294	
2730 179	
2941 13	
2985 194	
3364 97	
2728 40	
3278 206	
39 507	
3012 247	
39 34	
2729 214	
2891 396	
2936 126	
2732 446	
2722 161	
2907 79	
2982 399	
39 462	
39 533	
2740 94	
3156 22	
2832 440	
2740 560	
39 257	
2690 121	
39 135	
39 255	
2729 392	
2730 330	
3278 438	
2842 30	
2735 315	
2740 266	
2936 285	
39 35	
2729 351	
2939 455	
2723 203	
2708 237	
2730 92	
3101 142	
54 423	
2740 66	
39 109	
2787 125	
2960 492	
14 223	
3383 559	
2723 488	
2723 371	
2730 282	
2881 275	
2801 259	
2643 161	
2801 227	
39 81	
3081 537	
2730 105	
39 16	
39 345	
2850 40	
2739 381	
2726 542	
2729 544	
2851 72	
3134 431	
39 230	
3123 252	
2732 227	
3435 545	
2724 285	
2729 261	
3090 89	
2996 109	
39 275	
3318 108	
2730 361	
2729 446	
3189 525	
2770 117	
39 469	
3189 296	
2724 406	
2723 550	
3244 73	
2730 230	
2801 405	
2792 83	
39 314	
2845 163	
2726 521	
2735 358	
2730 17	
2760 160	
2729 519	
3287 334	
2724 504	
2735 453	
3278 251	
3380 360	
2724 524	
3431 543	
39 498	
2925 257	
2722 79	
2729 53	
39 431	
39 81	
2745 383	
2724 53	
3135 270	
2722 161	
2936 251	
2735 159	
39 521	
2729 471	
2851 173	
2880 275	
2724 392	
3206 279	
2723 323	
2723 142	
2936 455	
2724 320	
3131 117	
2722 254	
39 498	
2740 527	
2723 446	
2810 39	
2724 240	
2936 36	
2839 331	
2729 521	
2745 13	
2866 46	
2786 53	
2735 383	
2723 446	
2936 227	
39 242	
2849 237	
39 297	
2731 46	
2846 263	
2735 519	
39 396	
3041 289	
3278 339	
2731 175	
2740 228	
39 136	
39 218	
2732 446	
2729 446	
3041 84	
2740 230	
39 167	
3176 314	
39 392	
3018 63	
2788 45	
2969 448	
3050 327	
2842 331	
2862 46	
2724 297	
39 257	
2730 31	
3282 266	
2787 211	
2723 310	
2936 36	
2740 134	
2781 341	
3189 515	
3212 317	
3298 404	
2936 426	
2729 419	
2890 359	
3266 36	
2772 286	
2731 207	
2881 166	
2890 505	
2726 455	
2801 221	
2787 331	
2735 236	
39 88	
39 282	
2735 364	
2999 110	
3044 488	
2936 434	
2731 427	
39 314	
2726 385	
2801 187	
39 314	
2730 128	
42 162	
2891 45	
2724 550	
2729 287	
2735 348	
2730 391	
35 335	
2810 49	
2729 45	
2735 429	
3010 346	
2756 79	
3179 465	
2743 160	
39 431	
2735 357	
3309 41	
2903 79	
2801 540	
39 483	
39 342	
2729 279	
2745 464	
2735 304	
2903 408	
2723 173	
39 282	
2732 392	
3189 223	
39 314	
39 56	
2726 115	
3033 281	
2729 431	
2729 276	
2724 446	
39 115	
2996 159	
3387 485	
2735 351	
3279 87	
39 391	
2722 254	
39 90	
2723 446	
39 282	
2724 487	
2945 13	
39 240	
3376 555	
2939 42	
39 88	
2753 160	
2881 275	
3010 437	
39 282	
3078 270	
3278 206	
2936 285	
2724 324	
3409 185	
39 169	
3278 544	
2986 94	
2730 374	
2729 149	
2723 281	
2739 367	
2728 191	
3153 478	
2794 83	
2729 214	
3373 371	
39 149	
2722 105	
42 386	
2740 94	
3079 218	
2787 558	
39 468	
2735 313	
39 115	
2731 46	
39 411	
3378 29	
2894 139	
2735 134	
2906 79	
2833 208	
2724 183	
2854 31	
2729 343	
2781 319	
2724 446	
39 327	
3012 413	
3224 217	
2781 83	
3386 485	
3278 344	
2729 165	
2734 484	
2735 240	
3143 464	
2730 488	
39 41	
2801 1	
2850 139	
2732 446	
2735 415	
2850 515	
2778 352	
39 242	
3278 267	
2730 179	
2842 331	
39 507	
2730 430	
3280 508	
2983 381	
2729 343	
2915 5	
2936 31	
2745 313	
2936 508	
2982 336	
2730 139	
2745 45	
2652 448	
39 469	
50 139	
42 345	
2881 436	
3133 433	
3084 149	
2724 281	
2784 169	
2936 255	
2731 40	
3387 408	
2664 161	
39 53	
2734 310	
3282 160	
2787 192	
39 370	
3331 6	
2881 149	
3225 317	
2735 260	
3012 6	
2986 381	
2740 84	
3246 22	
3271 442	
2730 364	
3301 531	
39 184	
3278 267	
2729 343	
2821 331	
3132 257	
39 105	
2729 446	
3012 287	
2731 137	
2724 409	
39 83	
2732 111	
2658 39	
39 498	
2730 63	
2723 290	
2986 524	
39 35	
39 428	
2745 311	
3009 321	
2729 446	
3167 106	
2729 63	
2729 279	
3207 279	
2778 487	
2729 220	
3010 84	
2729 446	
3278 122	
39 172	
2936 251	
2730 367	
24 218	
2915 427	
2713 161	
2745 417	
2724 257	
2724 375	
2974 488	
2735 207	
2735 142	
39 162	
39 370	
3012 558	
39 327	
39 28	
2735 278	
2832 431	
2991 314	
39 267	
2912 145	
39 65	
2745 406	
2869 46	
2732 214	
2729 457	
2663 161	
2724 266	
2726 140	
2731 528	
2986 194	
2729 329	
2831 331	
2740 327	
39 257	
2732 281	
3158 383	
39 342	
2735 210	
2730 553	
2838 331	
39 122	
2897 173	
2774 160	
2740 484	
39 394	
3002 192	
3106 142	
39 242	
2786 38	
3030 352	
39 117	
3104 142	
2730 545	
2801 455	
2936 166	
39 81	
39 66	
2801 139	
39 294	
2735 519	
39 483	
3057 325	
2735 497	
2916 36	
3012 217	
39 152	
2723 53	
2885 266	
2723 446	
2858 399	
2745 537	
2729 53	
39 379	
2730 392	
2735 230	
39 65	
39 192	
3031 221	
39 431	
3012 471	
2974 496	
2724 297	
2730 84	
39 190	
2723 394	
3366 176	
2781 83	
2730 243	
2729 388	
3247 159	
26 348	
3284 191	
39 105	
2881 275	
2729 539	
2726 549	
2807 83	
3278 532	
39 409	
2936 106	
2735 107	
2724 53	
39 8	
2881 487	
2740 8	
2729 523	
39 314	
2739 310	
2985 381	
39 217	
3278 495	
2936 227	
2723 241	
39 78	
2740 309	
2894 386	
2724 484	
2739 79	
3012 123	
2703 161	
2724 334	
2723 335	
2867 310	
2730 423	
39 162	
2729 193	
2956 492	
39 81	
2739 160	
2735 290	
3276 496	
39 458	
2745 160	
2778 249	
3010 399	
3278 315	
3351 291	
3336 161	
3012 322	
39 56	
2927 2	
2729 266	
39 257	
3278 469	
2722 203	
2724 446	
39 190	
2911 79	
39 56	
39 63	
2729 122	
2801 406	
2724 392	
39 28	
2735 261	
2947 173	
2936 269	
2729 51	
3012 183	
3278 156	
2797 83	
2674 161	
3010 305	
39 366	
2724 324	
3118 341	
2767 160	
3424 493	
3166 26	
3223 487	
2723 446	
3010 417	
2730 237	
3173 342	
39 383	
3420 242	
3336 115	
2697 161	
39 60	
39 502	
39 313	
3012 101	
2756 94	
2842 553	
2729 534	
2735 550	
2729 392	
2724 425	
39 115	
2724 446	
2740 91	
39 167	
2745 433	
39 257	
2729 210	
3053 327	
39 63	
39 126	
3278 206	
2851 327	
2745 362	
2740 494	
2740 549	
39 431	
2724 488	
39 464	
2725 72	
2806 83	
2977 455	
2723 515	
2770 464	
2734 224	
2723 53	
39 462	
39 258	
39 192	
2729 154	
39 489	
3012 23	
2722 254	
3291 126	
2723 446	
2730 77	
39 230	
39 75	
2730 477	
3381 483	
2724 429	
3173 507	
3278 493	
3045 364	
2729 455	
3166 106	
3330 6	
2740 105	
39 167	
2730 506	
39 409	
2723 101	
2729 518	
2729 327	
2842 396	
2723 266	
2735 2	
39 394	
3036 281	
2729 265	
2723 106	
39 192	
2726 446	
3258 162	
39 446	
3316 558	
39 411	
3012 378	
39 135	
3151 478	
2724 214	
2786 295	
2936 36	
2735 280	
2729 530	
39 345	
39 464	
2770 160	
2745 499	
2693 161	
39 294	
2729 242	
2723 39	
2723 250	
3117 341	
2731 475	
2962 525	
39 464	
39 267	
3278 544	
2731 163	
2633 161	
3426 16	
39 469	
2784 324	
3394 539	
2740 536	
39 431	
39 207	
2740 105	
2728 360	
2729 446	
2786 464	
39 83	
39 528	
39 376	
2912 63	
2723 514	
39 479	
2756 332	
2729 438	
2996 166	
2723 160	
2723 321	
39 431	
2723 458	
2756 342	
2724 392	
3042 25	
2771 160	
39 267	
2996 292	
3278 304	
3062 325	
2801 272	
2848 149	
39 135	
3156 125	
2735 60	
3278 260	
3222 487	
2723 517	
2739 381	
2739 448	
2990 549	
39 313	
2739 383	
3012 517	
39 458	
2735 247	
2828 331	
2729 53	
2729 446	
2735 43	
2730 524	
3132 340	
3103 310	
2729 130	
2784 153	
2939 13	
2877 281	
2988 287	
3189 152	
2784 197	
2781 160	
2936 269	
2724 392	
39 314	
2729 446	
2883 266	
3428 186	
2730 78	
39 411	
54 401	
39 370	
3118 389	
2723 53	
2881 149	
3008 321	
39 167	
39 371	
39 417	
2730 446	
2737 332	
2719 161	
39 442	
2739 275	
2734 112	
2724 28	
2728 280	
2832 525	
39 78	
2729 392	
2735 369	
2740 217	
39 483	
2729 446	
2723 427	
2845 323	
2801 528	
3335 166	
39 125	
2729 131	
39 34	
39 427	
2915 230	
2740 489	
39 28	
2730 41	
2936 499	
2730 326	
2723 407	
2787 82	
3248 431	
39 484	
3039 25	
2846 159	
2879 275	
2936 166	
2936 263	
2730 459	
2641 161	
2810 227	
3246 542	
3024 159	
39 137	
2936 310	
2723 239	
2739 2	
39 392	
2832 45	
3156 87	
2723 501	
3286 152	
2858 45	
2723 446	
2730 233	
2739 414	
39 83	
39 56	
2730 559	
3419 220	
2784 497	
2730 449	
2729 347	
2901 79	
2734 136	
2723 40	
3312 376	
2729 143	
2784 133	
2735 431	
2781 550	
2655 161	
2735 237	
3111 373	
2897 162	
2778 160	
2851 216	
2936 544	
3282 192	
2723 446	
2849 270	
2729 258	
2729 348	
2724 214	
2936 172	
2745 46	
2729 446	
2891 375	
2723 273	
39 83	
2842 311	
2723 71	
2805 83	
2734 131	
2729 84	
2737 160	
39 392	
2850 169	
2726 86	
2804 83	
2884 266	
2887 266	
3232 317	
2936 269	
39 11	
2729 446	
2729 325	
3012 96	
39 489	
3040 25	
39 150	
2752 160	
3336 79	
3427 16	
2665 237	
2728 9	
2730 142	
2832 145	
2740 265	
3147 478	
39 541	
3012 301	
3305 350	
2723 379	
3324 435	
2740 221	
2735 160	
2770 384	
3220 86	
2801 237	
2731 391	
2734 447	
2986 139	
3012 246	
39 282	
39 559	
3278 182	
2735 73	
2842 421	
2863 46	
2735 158	
2729 53	
39 502	
2915 411	
39 246	
2729 1	
2724 461	
2724 66	
3012 493	
2726 479	
39 34	
2730 498	
2717 161	
2936 255	
2810 400	
2735 531	
2784 173	
3256 44	
2735 415	
2936 172	
2792 548	
2840 331	
39 146	
2729 4	
2740 83	
2695 161	
3012 471	
2724 446	
3012 247	
2850 316	
39 446	
2979 257	
2832 25	
2770 20	
3322 468	
2723 109	
2730 2	
2735 343	
39 149	
39 394	
2793 83	
3359 49	
2738 160	
39 115	
2730 144	
2740 241	
39 162	
2722 161	
3012 322	
2801 424	
39 66	
39 446	
39 470	
2730 87	
39 316	
3205 139	
3278 206	
2740 187	
39 31	
2735 434	
3012 322	
2936 449	
2954 173	
3026 28	
2633 331	
3276 113	
2740 469	
2724 446	
2758 160	
2740 41	
2723 53	
3122 252	
3391 150	
39 174	
2730 555	
2730 38	
2729 446	
2740 139	
3379 29	
3278 200	
2759 160	
39 115	
2727 468	
3278 427	
3012 101	
2729 446	
2777 160	
3012 329	
3244 498	
2801 210	
2810 26	
3278 343	
2735 18	
2729 46	
2903 534	
2677 442	
39 497	
2832 463	
2730 346	
2731 153	
39 431	
3111 211	
2730 306	
39 150	
3188 525	
39 81	
3268 358	
2723 130	
2740 535	
2801 438	
2735 293	
2729 517	
2991 177	
2781 83	
3214 136	
2735 229	
2735 108	
2800 83	
2896 358	
2729 446	
2730 53	
39 260	
2784 327	
2723 469	
42 484	
39 192	
3306 562	
3214 211	
2993 254	
2729 288	
3350 337	
3211 23	
2735 67	
2724 53	
3280 556	
3401 361	
2737 160	
39 366	
39 135	
2735 13	
2828 59	
3208 279	
2982 255	
3343 538	
39 313	
3278 545	
2730 241	
39 193	
39 316	
39 480	
3392 246	
2881 203	
2726 394	
2832 169	
39 184	
2729 480	
2881 275	
3300 535	
2724 316	
2731 214	
2724 446	
3187 445	
3313 332	
2734 9	
3085 524	
39 297	
2722 485	
2732 446	
2739 293	
3152 478	
3107 534	
2731 22	
2701 161	
2726 192	
39 529	
2787 177	
2730 16	
3278 499	
2893 534	
2724 547	
2936 544	
2735 160	
3214 310	
3400 135	
2730 412	
2679 161	
3083 423	
2729 392	
2744 160	
39 316	
2871 46	
39 431	
2936 434	
2724 120	
2936 78	
3215 313	
39 150	
2729 281	
39 111	
3317 561	
2896 392	
2936 78	
3404 228	
2781 83	
2724 495	
39 521	
2722 161	
2735 210	
2936 106	
2729 133	
3278 496	
3328 294	
39 41	
2734 520	
2740 46	
2723 237	
39 394	
2881 275	
2723 274	
39 167	
2892 45	
3136 270	
2673 161	
39 544	
3236 513	
2724 536	
3047 364	
39 529	
2730 550	
2731 57	
2801 502	
48 13	
2645 161	
2778 352	
2842 244	
2735 34	
2730 435	
2897 444	
2739 341	
2740 265	
39 314	
2735 129	
2724 344	
2735 227	
3048 327	
39 45	
3197 257	
2781 160	
3012 7	
39 529	
3012 182	
2729 446	
3310 249	
3017 73	
3278 101	
2731 444	
2724 487	
3278 521	
3012 378	
2729 419	
39 230	
39 41	
39 327	
3010 106	
3438 326	
2723 53	
2724 152	
2731 407	
2735 451	
2735 194	
2820 331	
3221 487	
3127 175	
2988 381	
39 91	
2724 314	
3357 503	
3278 465	
2723 198	
3161 562	
2936 159	
3282 325	
2756 341	
39 53	
39 150	
2915 538	
2788 53	
2739 25	
39 498	
39 337	
2740 324	
2890 151	
2781 83	
2729 435	
2729 427	
3278 499	
2863 358	
39 300	
2723 519	
2723 492	
2729 176	
39 469	
3012 290	
39 149	
2770 300	
2772 160	
2735 60	
2982 162	
2770 362	
2728 194	
2730 180	
3185 553	
2731 111	
2915 270	
2854 237	
39 149	
2985 344	
39 83	
2739 37	
2778 160	
39 431	
3261 382	
2729 53	
3200 115	
2729 28	
3012 96	
2729 446	
39 56	
2815 331	
2737 31	
2723 152	
2787 336	
39 246	
2930 2	
2730 139	
2781 160	
3270 358	
2890 208	
2729 446	
2729 436	
3026 337	
39 469	
2735 18	
2881 275	
2723 327	
2778 160	
39 34	
2730 233	
2740 173	
39 162	
3249 522	
50 150	
2730 233	
3012 59	
2851 505	
39 507	
3362 97	
2729 214	
3024 236	
3278 532	
2832 255	
2729 446	
2740 376	
2979 431	
2912 52	
3102 142	
2770 160	
3012 394	
2672 161	
2729 392	
2740 334	
3327 163	
2801 105	
2729 407	
3413 200	
2735 543	
2729 446	
2979 223	
2625 161	
39 551	
2729 85	
24 64	
2735 365	
2723 476	
2745 112	
2729 26	
39 451	
39 342	
2729 354	
2735 146	
2723 446	
39 135	
3278 493	
2735 364	
3043 488	
39 551	
2729 446	
2729 446	
2671 161	
39 505	
39 172	
2735 213	
2742 160	
39 172	
3361 97	
2732 392	
2723 258	
2801 498	
2936 41	
39 364	
2740 119	
3299 31	
2739 73	
2740 397	
39 406	
2740 313	
2851 540	
2982 49	
2984 41	
2729 46	
2845 121	
39 529	
2723 143	
2626 161	
39 453	
2730 46	
2936 381	
3012 329	
2728 331	
2915 562	
3278 219	
39 376	
2724 51	
2730 109	
3201 295	
39 458	
39 53	
39 468	
2789 423	
2908 79	
39 90	
2730 50	
2766 160	
2650 161	
2723 446	
2937 257	
2730 376	
3342 429	
2848 173	
2936 126	
39 416	
26 136	
2740 104	
2810 283	
39 184	
2735 136	
2936 172	
2724 117	
39 11	
2735 349	
2739 176	
2723 72	
2971 448	
2729 254	
2723 263	
2905 79	
2740 230	
2731 396	
3119 252	
2745 173	
3154 478	
3297 404	
3085 44	
2975 448	
2723 342	
2658 161	
2745 486	
2870 46	
39 489	
3032 221	
2723 548	
2900 79	
3282 399	
2729 392	
2723 109	
2842 250	
2915 541	
2726 435	
39 137	
3012 378	
2729 446	
2893 368	
2729 446	
39 394	
39 41	
3397 135	
2723 208	
2730 5	
2734 28	
3257 162	
2781 83	
3433 264	
2786 542	
2936 83	
2642 161	
2832 381	
2730 63	
3330 312	
2735 381	
39 136	
2770 209	
39 362	
39 314	
39 391	
2735 160	
2781 332	
3116 169	
2729 281	
39 431	
39 300	
2723 142	
2724 206	
2735 328	
39 396	
2842 36	
2846 198	
2728 151	
2740 213	
2724 53	
3012 493	
39 90	
2735 162	
3149 39	
3196 201	
2735 361	
2740 284	
2729 63	
2638 161	
39 406	
3196 340	
3215 310	
2735 53	
3116 515	
3278 339	
2724 190	
2740 149	
3314 332	
3012 378	
2995 41	
3365 176	
2936 210	
2745 139	
2724 258	
2729 446	
39 316	
2734 111	
39 470	
2737 517	
2731 479	
2936 381	
39 192	
2740 150	
3278 289	
2801 562	
2979 445	
2845 549	
2722 335	
39 314	
3384 212	
2789 328	
3360 426	
2722 161	
2936 106	
3369 537	
3278 290	
39 411	
2726 151	
2989 525	
2729 275	
2886 266	
48 396	
2740 550	
2723 299	
2726 293	
2692 161	
2722 161	
2729 265	
3010 35	
39 242	
3012 299	
2735 556	
2729 20	
3278 434	
39 260	
3013 57	
2730 95	
3012 233	
2936 166	
2729 279	
39 417	
2921 2	
2723 397	
3226 317	
2740 507	
2723 281	
2666 161	
2999 192	
2898 278	
39 218	
2729 281	
2781 83	
2724 79	
2781 349	
2997 254	
2813 6	
39 137	
2735 472	
2881 258	
2739 252	
39 431	
2876 275	
2735 175	
2740 139	
3004 192	
2724 366	
39 446	
2724 9	
2735 519	
2731 294	
2726 313	
2731 558	
3240 423	
3236 261	
2735 209	
2740 540	
2747 160	
2723 111	
2915 274	
2730 474	
2850 324	
2740 178	
3012 360	
3396 360	
2718 161	
2723 298	
39 81	
2731 321	
2731 61	
3278 544	
2724 214	
2936 361	
2740 20	
2729 449	
2873 434	
39 122	
2810 167	
39 34	
39 255	
39 321	
2986 474	
2662 161	
3318 523	
3278 101	
3249 548	
39 308	
2936 250	
2730 400	
3260 55	
2878 275	
2729 339	
2787 334	
2730 46	
2842 67	
2936 36	
2848 105	
2735 251	
2786 324	
2723 155	
3278 343	
2729 268	
39 321	
2734 13	
2735 426	
2757 160	
39 167	
3012 290	
2740 195	
39 427	
39 519	
2788 154	
2936 381	
2723 53	
2737 319	
3012 7	
2847 237	
2846 166	
39 45	
39 316	
2922 2	
39 431	
2724 446	
2740 313	
2739 239	
2832 485	
2937 440	
2980 381	
2726 230	
3063 325	
2723 53	
2723 246	
2735 538	
3012 123	
3012 338	
2735 122	
2727 446	
2723 433	
2781 352	
39 81	
2842 531	
2787 255	
2729 446	
39 375	
39 137	
3278 101	
39 392	
2729 519	
2889 266	
39 480	
3012 233	
39 190	
2729 135	
39 314	
2723 392	
2846 254	
2904 79	
2734 519	
2740 507	
2729 379	
2735 142	
42 558	
2723 124	
2729 53	
39 257	
2731 442	
2724 160	
3244 162	
3278 455	
2735 391	
2784 40	
3133 191	
2730 308	
2914 324	
39 337	
2724 446	
2723 53	
2801 327	
3029 352	
39 389	
2729 53	
2735 9	
39 371	
2982 381	
2740 280	
2731 258	
2729 53	
3095 89	
3175 507	
2735 184	
2729 446	
2997 283	
39 115	
39 148	
2735 162	
2942 13	
3219 86	
39 81	
3214 4	
2724 214	
2724 291	
39 65	
3278 190	
2778 160	
2723 519	
2723 134	
39 392	
2936 310	
2881 275	
2728 160	
3012 247	
2724 309	
39 49	
2936 210	
39 45	
3027 541	
3278 25	
2948 173	
2729 446	
39 519	
2726 73	
39 498	
3012 59	
2723 53	
39 342	
3012 23	
39 83	
39 433	
3258 449	
3266 292	
3382 483	
3278 206	
3278 315	
39 462	
3278 227	
2842 494	
3071 218	
2735 192	
2936 499	
2846 254	
2723 281	
2735 234	
2723 142	
2729 46	
2735 399	
3311 249	
2881 275	
2729 392	
2737 286	
3012 246	
2739 419	
3064 217	
2723 236	
2735 409	
2884 63	
2730 275	
2724 472	
2723 142	
3012 434	
2730 542	
2781 83	
3060 325	
21 266	
39 470	
3012 360	
3034 314	
39 172	
2740 500	
2858 135	
3012 498	
39 278	
2923 448	
2846 428	
2724 446	
39 417	
2740 111	
3278 345	
2955 173	
2729 446	
3024 375	
3285 547	
2787 69	
2723 446	
2890 169	
2749 249	
2631 161	
2735 383	
2735 402	
2729 206	
2729 285	
3278 343	
16 252	
2635 161	
2675 161	
3198 257	
2729 392	
2787 201	
39 162	
39 308	
2723 266	
3111 513	
2724 258	
39 242	
2722 283	
3012 176	
39 83	
2735 546	
2735 337	
2936 285	
3259 548	
3010 115	
2925 2	
2737 160	
2729 392	
2936 166	
2730 138	
2755 249	
2730 449	
3278 78	
39 229	
2729 90	
2732 1	
2729 53	
26 276	
2729 71	
2724 214	
39 297	
39 138	
2976 455	
5 531	
2729 281	
2735 106	
3245 542	
2837 125	
2762 160	
2872 180	
2735 455	
2778 270	
2726 353	
2652 161	
39 394	
2735 323	
2729 446	
2735 394	
2979 284	
2810 58	
2781 160	
2729 297	
39 137	
2829 331	
2729 411	
39 65	
2913 227	
2985 427	
39 146	
2771 14	
2723 435	
2723 198	
2835 331	
2890 284	
2723 163	
2723 46	
2729 446	
2723 77	
2722 175	
2989 515	
2735 544	
3258 162	
2723 502	
39 498	
3336 2	
3233 26	
2931 2	
2708 161	
3282 250	
3140 270	
2735 134	
39 115	
2916 539	
39 162	
2724 334	
3109 534	
3012 172	
2730 57	
2653 161	
2728 455	
2737 230	
2970 448	
3006 321	
2724 165	
2680 161	
2936 449	
2735 13	
39 468	
3278 354	
2724 223	
3175 26	
2688 161	
2730 523	
2967 448	
2735 270	
2730 160	
3408 505	
2735 502	
3154 478	
2723 309	
3214 100	
39 105	
2729 173	
2730 534	
2810 134	
2730 413	
2842 121	
3108 534	
2936 310	
3278 290	
2730 100	
2936 455	
39 217	
2735 1	
2729 53	
3347 94	
2936 546	
2787 386	
3278 290	
2986 496	
2801 528	
3319 433	
2723 213	
3012 182	
2781 160	
39 391	
2730 178	
2731 299	
2801 92	
2936 112	
2740 433	
2881 275	
2740 295	
39 313	
39 162	
2729 60	
2734 160	
2748 218	
39 312	
2724 446	
3278 417	
2649 161	
2722 36	
39 257	
2990 111	
2729 53	
2730 546	
3278 102	
3405 65	
2872 23	
2950 173	
3165 314	
2778 325	
39 327	
2939 194	
2854 455	
2881 275	
40 285	
2724 53	
2729 446	
2936 269	
39 300	
39 529	
2726 442	
2787 106	
3415 225	
2730 416	
3340 350	
39 483	
2891 314	
2730 442	
2735 152	
2723 359	
3204 107	
39 34	
39 427	
3393 125	
2731 281	
2781 149	
3156 383	
39 507	
2915 554	
39 316	
2846 396	
39 448	
2740 229	
2981 524	
2730 521	
2723 364	
2784 173	
39 313	
2734 416	
2708 160	
3121 252	
2735 394	
2976 386	
3063 552	
2729 446	
2850 562	
2726 153	
2644 161	
39 45	
2913 324	
2891 345	
2730 256	
3278 267	
2734 156	
3012 471	
2739 427	
3217 199	
2729 224	
3278 78	
39 34	
39 41	
2788 237	
2723 392	
3199 340	
2735 488	
2739 550	
3150 478	
39 314	
2725 446	
39 389	
2912 79	
3402 361	
3189 348	
3111 36	
39 60	
2881 275	
2724 173	
2936 381	
2729 446	
2842 556	
2722 63	
2739 202	
2936 159	
2723 175	
39 150	
2740 46	
3230 317	
2735 262	
2745 160	
2722 444	
2999 376	
2964 492	
2698 161	
2729 35	
2781 83	
2765 160	
2850 560	
39 396	
2788 230	
2735 439	
39 278	
2730 278	
3278 521	
3196 394	
2729 446	
2936 41	
3282 487	
2836 331	
2781 160	
3025 489	
2729 446	
2852 5	
2735 199	
39 448	
39 60	
3111 534	
2936 544	
2781 352	
3111 211	
3277 496	
2936 9	
2729 446	
2722 203	
2735 492	
2740 72	
2913 274	
2731 83	
3305 179	
2834 331	
2723 344	
3012 239	
2778 160	
2723 455	
39 376	
3202 295	
2735 148	
2723 109	
2996 428	
39 391	
3278 260	
2726 291	
3094 89	
2735 124	
3037 281	
2729 446	
2729 11	
2723 446	
3111 227	
2735 303	
2724 446	
2726 390	
3010 542	
3189 440	
39 469	
3012 246	
39 88	
2735 137	
39 125	
2729 446	
39 541	
3169 106	
3320 136	
39 192	
3120 546	
2735 143	
2723 175	
2729 53	
2730 81	
2878 496	
2730 212	
3132 396	
2729 196	
39 464	
2926 2	
2810 78	
2786 429	
3212 310	
39 192	
2729 241	
2694 161	
2830 331	
39 16	
2723 83	
3012 246	
2739 192	
2728 431	
3356 241	
3278 474	
2734 399	
3215 60	
2735 289	
3110 534	
2697 376	
2731 316	
2674 342	
2677 161	
2985 562	
2933 2	
3012 545	
3012 481	
39 207	
2950 218	
2966 448	
39 177	
3019 63	
3336 237	
3066 319	
2745 21	
2723 237	
2965 448	
39 215	
2735 180	
3278 101	
2832 249	
39 376	
2745 160	
39 464	
3185 124	
39 431	
2842 36	
39 172	
3081 218	
2724 258	
2729 247	
3295 404	
2729 421	
2936 83	
39 342	
3160 105	
2723 2	
2690 401	
2755 160	
39 215	
2729 134	
2729 542	
2722 159	
3403 463	
2732 477	
2936 449	
3162 363	
2740 385	
2723 1	
3231 317	
39 427	
39 313	
3246 542	
2739 124	
3214 485	
2858 538	
2732 452	
3303 257	
2936 49	
2731 474	
2936 106	
2730 337	
3367 8	
3165 106	
2734 78	
3278 267	
3012 301	
2723 282	
2723 335	
3015 63	
3012 476	
2850 552	
39 498	
3282 192	
2996 396	
2745 236	
2915 324	
2735 455	
2850 36	
2872 538	
2729 392	
39 484	
3068 319	
2730 482	
2724 173	
2722 254	
3278 260	
2810 314	
2720 161	
2788 110	
2803 83	
2837 331	
3010 14	
3240 294	
2740 486	
2851 203	
3186 37	
39 38	
3278 493	
2897 448	
2723 342	
2723 446	
2728 250	
39 462	
2729 287	
3278 438	
3020 63	
2937 172	
2791 83	
2915 58	
3026 137	
2903 260	
2709 161	
2723 383	
3278 183	
2735 354	
3336 161	
2724 428	
2781 83	
39 342	
2723 118	
2858 194	
2640 161	
3012 360	
2723 119	
3251 217	
3239 362	
2729 79	
2784 396	
2946 173	
39 314	
2735 170	
2992 320	
2735 305	
2729 46	
2734 168	
2746 160	
39 314	
3278 267	
39 275	
2723 102	
2724 46	
2729 302	
2745 169	
2895 392	
2853 237	
39 297	
2723 446	
3183 208	
2788 196	
2936 275	
2659 161	
3080 218	
2846 513	
2936 255	
2848 192	
39 342	
2982 263	
3388 180	
2936 546	
2729 77	
2723 116	
2739 217	
2731 270	
2723 376	
2781 83	
2962 492	
2832 159	
2735 298	
2781 2	
2729 474	
3282 250	
2915 210	
2842 364	
3197 166	
3126 252	
3244 154	
2740 389	
39 314	
2810 455	
39 297	
2979 515	
2735 230	
2730 274	
3278 267	
39 294	
39 498	
3083 329	
39 479	
2936 106	
2812 331	
3417 312	
2819 331	
39 91	
39 135	
2728 247	
3012 217	
2996 254	
2781 352	
2735 250	
39 431	
2735 361	
2646 161	
39 180	
2745 544	
2723 364	
2937 112	
2726 94	
2737 23	
2784 13	
2735 267	
3075 218	
3218 86	
2658 211	
2729 155	
3128 175	
2810 251	
39 345	
2852 237	
2732 392	
2818 331	
3249 103	
3278 499	
3278 342	
2881 275	
26 321	
3389 403	
2723 281	
3278 493	
3049 524	
3290 484	
3200 295	
2735 360	
3278 454	
2734 55	
2735 146	
2729 446	
2729 53	
2730 174	
2936 381	
2730 446	
2729 93	
3142 270	
2729 384	
2726 534	
3278 342	
39 316	
2732 237	
2730 181	
2987 381	
39 400	
2740 184	
2723 31	
2734 540	
2881 275	
39 460	
2756 160	
3009 409	
3375 354	
2745 540	
2730 167	
2890 386	
2735 292	
3077 218	
2778 160	
2729 31	
2752 525	
3111 362	
2740 455	
2731 475	
2882 266	
2881 275	
2729 392	
2728 502	
39 297	
2745 324	
2723 234	
2726 79	
2723 126	
2740 230	
2892 303	
39 502	
2723 388	
2844 513	
2740 149	
2722 528	
2936 172	
2729 446	
2734 475	
39 111	
39 149	
39 502	
2832 255	
2741 160	
39 314	
2729 124	
3114 105	
39 246	
2784 327	
3012 471	
3083 362	
2854 7	
2667 161	
39 78	
2729 446	
2912 136	
2801 22	
39 308	
2739 319	
2811 331	
2723 14	
3006 288	
2722 258	
39 184	
39 282	
39 8	
2739 279	
2729 419	
3011 49	
39 383	
3197 340	
39 257	
3410 470	
39 90	
2842 546	
2897 325	
39 464	
2915 309	
2734 36	
2734 540	
2634 161	
3440 374	
2734 427	
2832 25	
2801 450	
2978 284	
3008 552	
2781 160	
2735 56	
2801 83	
2788 464	
2729 84	
2740 84	
39 409	
3129 424	
3235 177	
2729 455	
2768 160	
3278 206	
2731 418	
39 117	
2722 63	
2724 446	
3278 545	
2740 210	
2810 133	
49 522	
3278 23	
39 314	
2724 446	
3278 465	
2729 550	
3010 58	
2739 464	
3304 72	
2729 86	
39 137	
2913 538	
3149 478	
2729 53	
2729 224	
2723 343	
2801 455	
2991 540	
2723 262	
2730 167	
39 314	
2915 28	
2735 536	
3146 230	
2729 561	
2723 237	
2735 435	
39 469	
3217 481	
2726 348	
2734 455	
3278 286	
2808 83	
2735 172	
2723 86	
3013 325	
39 498	
39 462	
2734 407	
2982 560	
2724 445	
2731 542	
39 190	
3174 375	
2740 496	
2995 194	
39 391	
2903 492	
3278 520	
39 242	
3010 474	
2832 534	
32 79	
2729 64	
3217 428	
3012 338	
2730 202	
2724 406	
2881 275	
2801 418	
39 150	
2801 94	
2990 549	
3021 236	
2723 172	
2729 435	
3338 474	
2732 124	
2729 153	
2787 238	
2734 130	
2723 169	
2689 161	
39 31	
2850 39	
2788 409	
2989 355	
2890 110	
2872 192	
2740 247	
39 431	
2898 391	
39 127	
2739 464	
2735 42	
2730 446	
2729 210	
2724 429	
2722 335	
39 229	
3224 213	
3193 9	
39 490	
2910 79	
2786 519	
2735 263	
3377 497	
39 8	
3278 493	
39 9	
39 60	
3120 252	
2801 90	
2740 396	
2728 536	
39 257	
2723 535	
2735 193	
3247 22	
2740 540	
3278 434	
2739 332	
2972 448	
3336 161	
3349 18	
39 529	
2739 325	
2637 161	
2729 315	
2751 160	
2784 480	
2877 275	
2968 448	
39 337	
3239 423	
2985 309	
2936 361	
2632 161	
3278 23	
2668 442	
39 453	
3204 421	
2678 161	
2740 288	
39 149	
2787 100	
3355 64	
2739 316	
2723 446	
2936 126	
2729 446	
2851 237	
2936 172	
3085 149	
39 115	
2729 397	
2723 471	
2734 164	
2740 392	
2850 180	
2729 392	
2723 57	
2729 446	
2723 524	
39 172	
2735 156	
2723 557	
2740 228	
3422 32	
2729 304	
39 66	
3012 537	
3010 384	
2731 517	
2729 334	
2939 528	
2786 390	
2735 227	
2740 230	
39 314	
39 379	
3244 469	
2734 464	
2936 251	
2729 95	
39 366	
48 160	
2730 149	
39 314	
39 150	
3216 310	
2723 446	
2787 151	
39 257	
3042 491	
2730 205	
3145 99	
2996 342	
3041 25	
3085 241	
2898 443	
2734 115	
3008 445	
2722 283	
2729 446	
39 327	
3407 65	
2801 536	
39 246	
2730 420	
2735 182	
39 242	
2729 70	
3048 314	
3186 112	
3336 331	
3278 438	
39 376	
3012 55	
2788 63	
39 190	
2730 221	
2932 2	
3012 304	
2723 87	
2955 84	
2915 9	
39 260	
2729 281	
2729 499	
2936 126	
39 419	
3034 281	
39 484	
2735 512	
3134 292	
2842 62	
3305 558	
3089 89	
2936 496	
3282 173	
2723 535	
3125 252	
39 553	
2735 364	
3336 115	
2858 499	
39 392	
39 559	
39 470	
2781 83	
2731 310	
2656 161	
3132 515	
2739 546	
2916 244	
39 28	
2875 275	
39 529	
2778 319	
3016 453	
39 257	
2728 229	
2723 137	
39 553	
39 464	
2724 419	
2740 407	
2888 266	
2824 331	
2724 348	
3336 105	
2729 232	
39 127	
3172 86	
2729 308	
2790 83	
2737 396	
54 214	
39 148	
2735 324	
2915 203	
2920 2	
39 137	
2723 75	
3308 77	
2740 528	
3182 303	
39 190	
39 8	
2730 158	
3278 227	
2729 165	
2730 258	
2891 25	
2731 347	
2729 392	
39 345	
2723 455	
2729 172	
2729 490	
2730 47	
2724 383	
3196 152	
2724 517	
2801 46	
3243 39	
2735 355	
39 411	
2730 176	
39 391	
2702 161	
2735 255	
2936 269	
39 267	
2944 13	
39 144	
2735 456	
2735 95	
2850 323	
2851 9	
3344 292	
2723 39	
2724 194	
3085 124	
3030 478	
2737 352	
2735 314	
39 60	
2781 325	
2735 53	
3209 279	
2735 68	
3278 364	
2729 414	
3249 431	
2842 276	
39 392	
2636 161	
2730 163	
2729 205	
3389 24	
2730 217	
39 166	
3203 295	
2726 304	
2854 193	
39 111	
2991 254	
2897 321	
2726 176	
2740 160	
2723 139	
2898 213	
2723 548	
3069 319	
3012 274	
2658 201	
3217 310	
2842 313	
2729 446	
2722 149	
2985 80	
2745 153	
39 431	
39 431	
39 190	
2902 79	
2936 112	
3085 31	
3278 267	
2842 36	
2723 53	
39 308	
2896 534	
2734 241	
2728 364	
2690 487	
39 169	
2724 254	
2729 93	
39 544	
3038 25	
3039 162	
2722 149	
2723 25	
3012 493	
2856 237	
2837 314	
2789 53	
2729 139	
3210 279	
39 282	
2735 27	
2982 314	
3278 122	
39 375	
2982 107	
3023 314	
2823 331	
2726 160	
3390 168	
2728 446	
2731 455	
39 146	
3278 532	
2915 199	
39 498	
3067 319	
2723 446	
2724 551	
2740 203	
39 246	
2872 239	
2729 446	
3012 537	
2979 115	
2851 427	
2739 319	
2915 173	
3332 171	
2729 356	
2731 55	
2735 319	
2725 77	
3278 434	
3255 560	
39 337	
3083 307	
2991 44	
3007 25	
39 521	
2915 524	
2723 178	
3329 6	
2734 381	
3056 325	
2737 192	
39 553	
2729 53	
2801 76	
2705 161	
2735 341	
2723 419	
2726 535	
2842 166	
39 528	
2850 192	
3059 325	
2860 46	
2730 184	
2735 29	
2787 396	
2781 198	
3315 558	
3111 470	
2740 247	
2768 316	
2730 233	
3291 22	
2724 528	
2732 383	
2735 536	
2740 59	
2726 525	
2937 70	
2937 285	
2723 225	
2724 394	
2735 437	
2731 446	
2723 428	
3278 315	
2729 391	
2735 41	
3012 558	
2898 334	
3336 115	
2936 210	
2801 84	
39 66	
2864 184	
2735 559	
3246 22	
3278 289	
2726 334	
3213 379	
3278 102	
39 144	
39 464	
2731 393	
2734 226	
3278 102	
2723 446	
39 115	
39 180	
2729 364	
2937 214	
2730 20	
3157 383	
3372 297	
2729 562	
2735 19	
39 431	
2898 229	
2724 455	
3217 191	
2997 340	
2912 560	
2996 37	
39 52	
39 480	
3012 471	
2731 505	
2732 99	
2729 83	
39 345	
2740 52	
2729 84	
2735 364	
2936 172	
2729 446	
3138 270	
3012 471	
2724 214	
2723 203	
2730 57	
2724 214	
3211 463	
2729 446	
3052 351	
2723 9	
2734 51	
2936 172	
2936 36	
39 257	
2842 380	
3194 203	
2729 455	
2729 423	
2994 254	
2926 279	
2724 420	
2902 364	
2724 391	
2898 192	
2740 535	
2726 192	
3411 102	
3215 423	
2801 294	
2723 149	
39 43	
39 246	
3229 317	
39 342	
2724 394	
2825 331	
2723 384	
39 451	
2729 277	
39 150	
3026 501	
3302 531	
2918 2	
2801 390	
3041 294	
39 81	
2851 230	
2997 423	
2781 484	
2728 455	
2936 36	
3406 65	
39 257	
2730 381	
2732 169	
39 489	
39 167	
2731 516	
3026 175	
39 97	
3278 267	
2787 28	
3159 105	
2723 228	
2739 160	
2731 421	
39 446	
39 43	
2740 351	
2723 173	
2722 79	
2731 124	
39 394	
2723 429	
2723 122	
2739 350	
39 180	
2722 161	
2939 523	
2964 44	
3037 252	
2726 483	
2781 149	
39 314	
3030 524	
2842 368	
2848 368	
39 166	
2723 313	
3278 241	
39 394	
39 297	
2729 351	
2745 258	
2730 498	
3085 560	
2893 515	
2940 507	
2735 18	
2724 459	
2730 271	
39 49	
2729 288	
2724 237	
2982 168	
39 282	
2685 161	
39 83	
2723 506	
2731 304	
2730 187	
3432 234	
3134 396	
2739 317	
3278 101	
39 419	
2842 534	
2729 281	
2726 52	
2722 161	
2729 209	
2629 161	
2936 251	
2936 166	
2896 525	
2801 105	
3278 206	
2865 46	
2730 540	
39 90	
2730 126	
3281 532	
2723 334	
3273 28	
2723 179	
2745 192	
39 313	
2732 521	
2916 445	
3389 168	
39 314	
2723 157	
3282 487	
2772 364	
2724 173	
2740 560	
3278 24	
3278 190	
3278 474	
2781 83	
2729 533	
3423 422	
3154 478	
2728 192	
2730 560	
39 394	
39 105	
3278 521	
24 185	
2686 161	
3000 203	
3249 219	
39 115	
2726 540	
3360 98	
39 65	
2844 121	
2770 469	
2724 27	
3011 304	
2729 391	
2723 295	
2729 193	
2730 267	
2729 70	
3175 375	
39 63	
2729 162	
2723 446	
2770 365	
3217 496	
2723 230	
3278 360	
2745 427	
2936 381	
2724 125	
2735 364	
39 45	
39 242	
2723 446	
3012 101	
39 442	
3161 312	
39 294	
2729 61	
2691 161	
3026 337	
3336 161	
2723 534	
2952 173	
2788 559	
2723 266	
3278 101	
3370 244	
39 551	
2735 512	
